<?xml version="1.0" encoding="UTF-8" standalone="no" ?>
<COLLADA xmlns="http://www.collada.org/2005/11/COLLADASchema" version="1.4.1">
    <asset>
        <contributor>
            <authoring_tool>SketchUp 17.1.173</authoring_tool>
        </contributor>
        <created>2017-02-11T22:15:59Z</created>
        <modified>2017-02-11T22:15:59Z</modified>
        <unit meter="0.0254000" name="inch" />
        <up_axis>Z_UP</up_axis>
    </asset>
    <library_cameras>
        <camera id="ID1" name="skp_camera_Last_Saved_SketchUp_View">
            <optics>
                <technique_common>
                    <perspective>
                        <yfov>35.0000000</yfov>
                        <aspect_ratio>0.0000000</aspect_ratio>
                        <znear>1.0000000</znear>
                        <zfar>1000.0000000</zfar>
                    </perspective>
                </technique_common>
            </optics>
        </camera>
    </library_cameras>
    <library_visual_scenes>
        <visual_scene id="ID2">
            <node name="SketchUp">
                <node name="skp_camera_Last_Saved_SketchUp_View">
                    <matrix>0.9976482 -0.0344464 0.0592587 189.1781769 0.0685430 0.5013695 -0.8625140 -1260.4624023 -0.0000000 0.8645473 0.5025514 787.1002197 0.0000000 0.0000000 0.0000000 1.0000000</matrix>
                    <instance_camera url="#ID1" />
                </node>
                <node id="ID3" name="group_0">
                    <matrix>1.0000000 0.0000000 0.0000000 -197.4772631 0.0000000 1.0000000 0.0000000 -196.8503944 0.0000000 0.0000000 1.0000000 0.0000000 0.0000000 0.0000000 0.0000000 1.0000000</matrix>
                    <instance_geometry url="#ID636">
                        <bind_material>
                            <technique_common>
                                <instance_material symbol="Material2" target="#ID637">
                                    <bind_vertex_input semantic="UVSET0" input_semantic="TEXCOORD" input_set="0" />
                                </instance_material>
                            </technique_common>
                        </bind_material>
                    </instance_geometry>
                    <instance_geometry url="#ID642">
                        <bind_material>
                            <technique_common>
                                <instance_material symbol="Material2" target="#ID637">
                                    <bind_vertex_input semantic="UVSET0" input_semantic="TEXCOORD" input_set="0" />
                                </instance_material>
                            </technique_common>
                        </bind_material>
                    </instance_geometry>
                    <instance_geometry url="#ID646">
                        <bind_material>
                            <technique_common>
                                <instance_material symbol="Material2" target="#ID637">
                                    <bind_vertex_input semantic="UVSET0" input_semantic="TEXCOORD" input_set="0" />
                                </instance_material>
                            </technique_common>
                        </bind_material>
                    </instance_geometry>
                    <instance_geometry url="#ID650">
                        <bind_material>
                            <technique_common>
                                <instance_material symbol="Material2" target="#ID637">
                                    <bind_vertex_input semantic="UVSET0" input_semantic="TEXCOORD" input_set="0" />
                                </instance_material>
                            </technique_common>
                        </bind_material>
                    </instance_geometry>
                    <instance_geometry url="#ID654">
                        <bind_material>
                            <technique_common>
                                <instance_material symbol="Material2" target="#ID637">
                                    <bind_vertex_input semantic="UVSET0" input_semantic="TEXCOORD" input_set="0" />
                                </instance_material>
                            </technique_common>
                        </bind_material>
                    </instance_geometry>
                    <node id="ID4" name="group_1">
                        <matrix>-0.8061979 -0.5916460 0.0000000 311.7597209 0.5916460 -0.8061979 0.0000000 252.9963144 0.0000000 0.0000000 1.0000000 152.2097185 0.0000000 0.0000000 0.0000000 1.0000000</matrix>
                        <instance_geometry url="#ID5">
                            <bind_material>
                                <technique_common>
                                    <instance_material symbol="Material2" target="#ID7">
                                        <bind_vertex_input semantic="UVSET0" input_semantic="TEXCOORD" input_set="0" />
                                    </instance_material>
                                </technique_common>
                            </bind_material>
                        </instance_geometry>
                    </node>
                    <node id="ID13" name="group_2">
                        <matrix>0.3112893 -0.9503152 0.0000000 334.6162035 0.9503152 0.3112893 0.0000000 12.6044040 -0.0000000 0.0000000 1.0000000 3.2351632 0.0000000 0.0000000 0.0000000 1.0000000</matrix>
                        <instance_geometry url="#ID14">
                            <bind_material>
                                <technique_common>
                                    <instance_material symbol="Material2" target="#ID7">
                                        <bind_vertex_input semantic="UVSET0" input_semantic="TEXCOORD" input_set="0" />
                                    </instance_material>
                                </technique_common>
                            </bind_material>
                        </instance_geometry>
                    </node>
                    <node id="ID20" name="group_3">
                        <matrix>0.3112893 -0.9503152 0.0000000 244.4245296 0.9503152 0.3112893 0.0000000 119.4761005 -0.0000000 0.0000000 1.0000000 181.4034764 0.0000000 0.0000000 0.0000000 1.0000000</matrix>
                        <instance_geometry url="#ID21">
                            <bind_material>
                                <technique_common>
                                    <instance_material symbol="Material2" target="#ID7">
                                        <bind_vertex_input semantic="UVSET0" input_semantic="TEXCOORD" input_set="0" />
                                    </instance_material>
                                </technique_common>
                            </bind_material>
                        </instance_geometry>
                    </node>
                    <node id="ID27" name="group_4">
                        <matrix>0.3112893 -0.9503152 0.0000000 292.5566648 0.9503152 0.3112893 0.0000000 11.9867029 -0.0000000 0.0000000 1.0000000 3.2351632 0.0000000 0.0000000 0.0000000 1.0000000</matrix>
                        <instance_geometry url="#ID28">
                            <bind_material>
                                <technique_common>
                                    <instance_material symbol="Material2" target="#ID7">
                                        <bind_vertex_input semantic="UVSET0" input_semantic="TEXCOORD" input_set="0" />
                                    </instance_material>
                                </technique_common>
                            </bind_material>
                        </instance_geometry>
                    </node>
                    <node id="ID34" name="group_5">
                        <matrix>0.3112893 -0.9503152 0.0000000 292.5566537 0.9503152 0.3112893 0.0000000 11.9867065 -0.0000000 0.0000000 1.0000000 70.0285653 0.0000000 0.0000000 0.0000000 1.0000000</matrix>
                        <instance_geometry url="#ID35">
                            <bind_material>
                                <technique_common>
                                    <instance_material symbol="Material2" target="#ID7">
                                        <bind_vertex_input semantic="UVSET0" input_semantic="TEXCOORD" input_set="0" />
                                    </instance_material>
                                </technique_common>
                            </bind_material>
                        </instance_geometry>
                    </node>
                    <node id="ID41" name="group_6">
                        <matrix>0.3112893 -0.9503152 0.0000000 390.5183297 0.9503152 0.3112893 0.0000000 153.8019428 -0.0000000 0.0000000 1.0000000 0.0000000 0.0000000 0.0000000 0.0000000 1.0000000</matrix>
                        <instance_geometry url="#ID42">
                            <bind_material>
                                <technique_common>
                                    <instance_material symbol="Material2" target="#ID7">
                                        <bind_vertex_input semantic="UVSET0" input_semantic="TEXCOORD" input_set="0" />
                                    </instance_material>
                                </technique_common>
                            </bind_material>
                        </instance_geometry>
                    </node>
                    <node id="ID48" name="group_7">
                        <matrix>0.3112893 -0.9503152 0.0000000 390.6090586 0.9503152 0.3112893 0.0000000 154.0789233 -0.0000000 0.0000000 1.0000000 3.2351593 0.0000000 0.0000000 0.0000000 1.0000000</matrix>
                        <instance_geometry url="#ID49">
                            <bind_material>
                                <technique_common>
                                    <instance_material symbol="Material2" target="#ID7">
                                        <bind_vertex_input semantic="UVSET0" input_semantic="TEXCOORD" input_set="0" />
                                    </instance_material>
                                </technique_common>
                            </bind_material>
                        </instance_geometry>
                    </node>
                    <node id="ID55" name="group_8">
                        <matrix>0.3112893 -0.9503152 0.0000000 365.4100559 0.9503152 0.3112893 0.0000000 77.1505130 -0.0000000 0.0000000 1.0000000 0.0000000 0.0000000 0.0000000 0.0000000 1.0000000</matrix>
                        <instance_geometry url="#ID56">
                            <bind_material>
                                <technique_common>
                                    <instance_material symbol="Material2" target="#ID7">
                                        <bind_vertex_input semantic="UVSET0" input_semantic="TEXCOORD" input_set="0" />
                                    </instance_material>
                                </technique_common>
                            </bind_material>
                        </instance_geometry>
                    </node>
                    <node id="ID62" name="group_9">
                        <matrix>0.3112893 -0.9503152 0.0000000 348.0997154 0.9503152 0.3112893 0.0000000 108.6034286 -0.0000000 0.0000000 1.0000000 85.9946550 0.0000000 0.0000000 0.0000000 1.0000000</matrix>
                        <instance_geometry url="#ID63">
                            <bind_material>
                                <technique_common>
                                    <instance_material symbol="Material2" target="#ID7">
                                        <bind_vertex_input semantic="UVSET0" input_semantic="TEXCOORD" input_set="0" />
                                    </instance_material>
                                </technique_common>
                            </bind_material>
                        </instance_geometry>
                    </node>
                    <node id="ID69" name="group_10">
                        <matrix>0.3112893 -0.9503152 0.0000000 379.2744079 0.9503152 0.3112893 0.0000000 119.4760990 -0.0000000 0.0000000 1.0000000 3.2351593 0.0000000 0.0000000 0.0000000 1.0000000</matrix>
                        <instance_geometry url="#ID70">
                            <bind_material>
                                <technique_common>
                                    <instance_material symbol="Material2" target="#ID7">
                                        <bind_vertex_input semantic="UVSET0" input_semantic="TEXCOORD" input_set="0" />
                                    </instance_material>
                                </technique_common>
                            </bind_material>
                        </instance_geometry>
                    </node>
                    <node id="ID76" name="group_11">
                        <matrix>0.3112893 -0.9503152 0.0000000 270.5382527 0.9503152 0.3112893 0.0000000 57.2744362 -0.0000000 0.0000000 1.0000000 137.1428459 0.0000000 0.0000000 0.0000000 1.0000000</matrix>
                        <instance_geometry url="#ID77">
                            <bind_material>
                                <technique_common>
                                    <instance_material symbol="Material2" target="#ID7">
                                        <bind_vertex_input semantic="UVSET0" input_semantic="TEXCOORD" input_set="0" />
                                    </instance_material>
                                </technique_common>
                            </bind_material>
                        </instance_geometry>
                    </node>
                    <node id="ID83" name="group_12">
                        <matrix>0.3112893 -0.9503152 0.0000000 365.4100559 0.9503152 0.3112893 0.0000000 77.1505130 -0.0000000 0.0000000 1.0000000 3.2351593 0.0000000 0.0000000 0.0000000 1.0000000</matrix>
                        <instance_geometry url="#ID84">
                            <bind_material>
                                <technique_common>
                                    <instance_material symbol="Material2" target="#ID7">
                                        <bind_vertex_input semantic="UVSET0" input_semantic="TEXCOORD" input_set="0" />
                                    </instance_material>
                                </technique_common>
                            </bind_material>
                        </instance_geometry>
                    </node>
                    <node id="ID90" name="group_13">
                        <matrix>0.3112893 -0.9503152 0.0000000 332.4048385 0.9503152 0.3112893 0.0000000 60.6895510 -0.0000000 0.0000000 1.0000000 85.9946550 0.0000000 0.0000000 0.0000000 1.0000000</matrix>
                        <instance_geometry url="#ID91">
                            <bind_material>
                                <technique_common>
                                    <instance_material symbol="Material2" target="#ID7">
                                        <bind_vertex_input semantic="UVSET0" input_semantic="TEXCOORD" input_set="0" />
                                    </instance_material>
                                </technique_common>
                            </bind_material>
                        </instance_geometry>
                    </node>
                    <node id="ID97" name="group_14">
                        <matrix>0.3112893 -0.9503152 0.0000000 307.7500394 0.9503152 0.3112893 0.0000000 121.8205430 -0.0000000 0.0000000 1.0000000 137.1428459 0.0000000 0.0000000 0.0000000 1.0000000</matrix>
                        <instance_geometry url="#ID98">
                            <bind_material>
                                <technique_common>
                                    <instance_material symbol="Material2" target="#ID7">
                                        <bind_vertex_input semantic="UVSET0" input_semantic="TEXCOORD" input_set="0" />
                                    </instance_material>
                                </technique_common>
                            </bind_material>
                        </instance_geometry>
                    </node>
                    <node id="ID104" name="group_15">
                        <matrix>0.3112893 -0.9503152 0.0000000 286.4084879 0.9503152 0.3112893 0.0000000 105.7236536 -0.0000000 0.0000000 1.0000000 152.2097185 0.0000000 0.0000000 0.0000000 1.0000000</matrix>
                        <instance_geometry url="#ID105">
                            <bind_material>
                                <technique_common>
                                    <instance_material symbol="Material2" target="#ID7">
                                        <bind_vertex_input semantic="UVSET0" input_semantic="TEXCOORD" input_set="0" />
                                    </instance_material>
                                </technique_common>
                            </bind_material>
                        </instance_geometry>
                    </node>
                    <node id="ID111" name="group_16">
                        <matrix>-0.8061979 -0.5916460 0.0000000 285.6214028 0.5916460 -0.8061979 0.0000000 217.3793118 0.0000000 0.0000000 1.0000000 181.4034764 0.0000000 0.0000000 0.0000000 1.0000000</matrix>
                        <instance_geometry url="#ID112">
                            <bind_material>
                                <technique_common>
                                    <instance_material symbol="Material2" target="#ID7">
                                        <bind_vertex_input semantic="UVSET0" input_semantic="TEXCOORD" input_set="0" />
                                    </instance_material>
                                </technique_common>
                            </bind_material>
                        </instance_geometry>
                    </node>
                    <node id="ID118" name="group_17">
                        <matrix>0.3112893 -0.9503152 0.0000000 334.6162035 0.9503152 0.3112893 0.0000000 12.6044040 -0.0000000 0.0000000 1.0000000 0.0000000 0.0000000 0.0000000 0.0000000 1.0000000</matrix>
                        <instance_geometry url="#ID119">
                            <bind_material>
                                <technique_common>
                                    <instance_material symbol="Material2" target="#ID7">
                                        <bind_vertex_input semantic="UVSET0" input_semantic="TEXCOORD" input_set="0" />
                                    </instance_material>
                                </technique_common>
                            </bind_material>
                        </instance_geometry>
                    </node>
                    <node id="ID125" name="group_18">
                        <matrix>-0.8061979 -0.5916460 0.0000000 303.1060002 0.5916460 -0.8061979 0.0000000 278.2883050 0.0000000 0.0000000 1.0000000 137.1428459 0.0000000 0.0000000 0.0000000 1.0000000</matrix>
                        <instance_geometry url="#ID126">
                            <bind_material>
                                <technique_common>
                                    <instance_material symbol="Material2" target="#ID7">
                                        <bind_vertex_input semantic="UVSET0" input_semantic="TEXCOORD" input_set="0" />
                                    </instance_material>
                                </technique_common>
                            </bind_material>
                        </instance_geometry>
                    </node>
                    <node id="ID132" name="group_19">
                        <matrix>0.3112893 -0.9503152 0.0000000 348.6266121 0.9503152 0.3112893 0.0000000 55.3758767 -0.0000000 0.0000000 1.0000000 3.2351632 0.0000000 0.0000000 0.0000000 1.0000000</matrix>
                        <instance_geometry url="#ID133">
                            <bind_material>
                                <technique_common>
                                    <instance_material symbol="Material2" target="#ID7">
                                        <bind_vertex_input semantic="UVSET0" input_semantic="TEXCOORD" input_set="0" />
                                    </instance_material>
                                </technique_common>
                            </bind_material>
                        </instance_geometry>
                    </node>
                    <node id="ID139" name="group_20">
                        <matrix>0.3112893 -0.9503152 0.0000000 303.8201991 0.9503152 0.3112893 0.0000000 46.3724580 -0.0000000 0.0000000 1.0000000 85.9946550 0.0000000 0.0000000 0.0000000 1.0000000</matrix>
                        <instance_geometry url="#ID140">
                            <bind_material>
                                <technique_common>
                                    <instance_material symbol="Material2" target="#ID7">
                                        <bind_vertex_input semantic="UVSET0" input_semantic="TEXCOORD" input_set="0" />
                                    </instance_material>
                                </technique_common>
                            </bind_material>
                        </instance_geometry>
                    </node>
                    <node id="ID146" name="group_21">
                        <matrix>-0.8061979 -0.5916460 0.0000000 378.9738169 0.5916460 -0.8061979 0.0000000 296.4504156 0.0000000 0.0000000 1.0000000 3.2351632 0.0000000 0.0000000 0.0000000 1.0000000</matrix>
                        <instance_geometry url="#ID147">
                            <bind_material>
                                <technique_common>
                                    <instance_material symbol="Material2" target="#ID7">
                                        <bind_vertex_input semantic="UVSET0" input_semantic="TEXCOORD" input_set="0" />
                                    </instance_material>
                                </technique_common>
                            </bind_material>
                        </instance_geometry>
                    </node>
                    <node id="ID153" name="group_22">
                        <matrix>0.3112893 -0.9503152 0.0000000 354.2616325 0.9503152 0.3112893 0.0000000 127.4147478 -0.0000000 0.0000000 1.0000000 68.9533354 0.0000000 0.0000000 0.0000000 1.0000000</matrix>
                        <instance_geometry url="#ID154">
                            <bind_material>
                                <technique_common>
                                    <instance_material symbol="Material2" target="#ID7">
                                        <bind_vertex_input semantic="UVSET0" input_semantic="TEXCOORD" input_set="0" />
                                    </instance_material>
                                </technique_common>
                            </bind_material>
                        </instance_geometry>
                    </node>
                    <node id="ID160" name="group_23">
                        <matrix>-0.8061979 -0.5916460 0.0000000 363.5055568 0.5916460 -0.8061979 0.0000000 319.1781894 0.0000000 0.0000000 1.0000000 0.0000000 0.0000000 0.0000000 0.0000000 1.0000000</matrix>
                        <instance_geometry url="#ID161">
                            <bind_material>
                                <technique_common>
                                    <instance_material symbol="Material2" target="#ID7">
                                        <bind_vertex_input semantic="UVSET0" input_semantic="TEXCOORD" input_set="0" />
                                    </instance_material>
                                </technique_common>
                            </bind_material>
                        </instance_geometry>
                    </node>
                    <node id="ID167" name="group_24">
                        <matrix>-0.8061979 -0.5916460 0.0000000 352.8615124 0.5916460 -0.8061979 0.0000000 222.8328637 0.0000000 0.0000000 1.0000000 137.1428459 0.0000000 0.0000000 0.0000000 1.0000000</matrix>
                        <instance_geometry url="#ID168">
                            <bind_material>
                                <technique_common>
                                    <instance_material symbol="Material2" target="#ID7">
                                        <bind_vertex_input semantic="UVSET0" input_semantic="TEXCOORD" input_set="0" />
                                    </instance_material>
                                </technique_common>
                            </bind_material>
                        </instance_geometry>
                    </node>
                    <node id="ID174" name="group_25">
                        <matrix>-0.8061979 -0.5916460 0.0000000 402.7532232 0.5916460 -0.8061979 0.0000000 229.6596964 0.0000000 0.0000000 1.0000000 70.0285653 0.0000000 0.0000000 0.0000000 1.0000000</matrix>
                        <instance_geometry url="#ID175">
                            <bind_material>
                                <technique_common>
                                    <instance_material symbol="Material2" target="#ID7">
                                        <bind_vertex_input semantic="UVSET0" input_semantic="TEXCOORD" input_set="0" />
                                    </instance_material>
                                </technique_common>
                            </bind_material>
                        </instance_geometry>
                    </node>
                    <node id="ID181" name="group_26">
                        <matrix>-0.8061979 -0.5916460 0.0000000 328.2268491 0.5916460 -0.8061979 0.0000000 312.5188677 0.0000000 0.0000000 1.0000000 85.9946550 0.0000000 0.0000000 0.0000000 1.0000000</matrix>
                        <instance_geometry url="#ID182">
                            <bind_material>
                                <technique_common>
                                    <instance_material symbol="Material2" target="#ID7">
                                        <bind_vertex_input semantic="UVSET0" input_semantic="TEXCOORD" input_set="0" />
                                    </instance_material>
                                </technique_common>
                            </bind_material>
                        </instance_geometry>
                    </node>
                    <node id="ID188" name="group_27">
                        <matrix>-0.8061979 -0.5916460 0.0000000 415.2589058 0.5916460 -0.8061979 0.0000000 269.8218077 0.0000000 0.0000000 1.0000000 3.2351632 0.0000000 0.0000000 0.0000000 1.0000000</matrix>
                        <instance_geometry url="#ID189">
                            <bind_material>
                                <technique_common>
                                    <instance_material symbol="Material2" target="#ID7">
                                        <bind_vertex_input semantic="UVSET0" input_semantic="TEXCOORD" input_set="0" />
                                    </instance_material>
                                </technique_common>
                            </bind_material>
                        </instance_geometry>
                    </node>
                    <node id="ID195" name="group_28">
                        <matrix>-0.8061979 -0.5916460 0.0000000 312.2683061 0.5916460 -0.8061979 0.0000000 324.2303943 0.0000000 0.0000000 1.0000000 68.9533354 0.0000000 0.0000000 0.0000000 1.0000000</matrix>
                        <instance_geometry url="#ID196">
                            <bind_material>
                                <technique_common>
                                    <instance_material symbol="Material2" target="#ID7">
                                        <bind_vertex_input semantic="UVSET0" input_semantic="TEXCOORD" input_set="0" />
                                    </instance_material>
                                </technique_common>
                            </bind_material>
                        </instance_geometry>
                    </node>
                    <node id="ID202" name="group_29">
                        <matrix>-0.8061979 -0.5916460 0.0000000 402.7532301 0.5916460 -0.8061979 0.0000000 229.6597059 0.0000000 0.0000000 1.0000000 3.2351632 0.0000000 0.0000000 0.0000000 1.0000000</matrix>
                        <instance_geometry url="#ID203">
                            <bind_material>
                                <technique_common>
                                    <instance_material symbol="Material2" target="#ID7">
                                        <bind_vertex_input semantic="UVSET0" input_semantic="TEXCOORD" input_set="0" />
                                    </instance_material>
                                </technique_common>
                            </bind_material>
                        </instance_geometry>
                    </node>
                    <node id="ID209" name="group_30">
                        <matrix>-0.8061979 -0.5916460 0.0000000 373.5821433 0.5916460 -0.8061979 0.0000000 251.0675328 0.0000000 0.0000000 1.0000000 85.9946550 0.0000000 0.0000000 0.0000000 1.0000000</matrix>
                        <instance_geometry url="#ID210">
                            <bind_material>
                                <technique_common>
                                    <instance_material symbol="Material2" target="#ID7">
                                        <bind_vertex_input semantic="UVSET0" input_semantic="TEXCOORD" input_set="0" />
                                    </instance_material>
                                </technique_common>
                            </bind_material>
                        </instance_geometry>
                    </node>
                    <node id="ID216" name="group_31">
                        <matrix>1.0000000 0.0000000 0.0000000 180.2968112 0.0000000 1.0000000 0.0000000 26.2412377 0.0000000 0.0000000 1.0000000 68.9533354 0.0000000 0.0000000 0.0000000 1.0000000</matrix>
                        <instance_geometry url="#ID217">
                            <bind_material>
                                <technique_common>
                                    <instance_material symbol="Material2" target="#ID7">
                                        <bind_vertex_input semantic="UVSET0" input_semantic="TEXCOORD" input_set="0" />
                                    </instance_material>
                                </technique_common>
                            </bind_material>
                        </instance_geometry>
                    </node>
                    <node id="ID223" name="group_32">
                        <matrix>1.0000000 0.0000000 0.0000000 110.0830567 0.0000000 1.0000000 0.0000000 9.1713498 0.0000000 0.0000000 1.0000000 3.2351632 0.0000000 0.0000000 0.0000000 1.0000000</matrix>
                        <instance_geometry url="#ID224">
                            <bind_material>
                                <technique_common>
                                    <instance_material symbol="Material2" target="#ID7">
                                        <bind_vertex_input semantic="UVSET0" input_semantic="TEXCOORD" input_set="0" />
                                    </instance_material>
                                </technique_common>
                            </bind_material>
                        </instance_geometry>
                    </node>
                    <node id="ID230" name="group_33">
                        <matrix>1.0000000 0.0000000 0.0000000 87.5792120 0.0000000 1.0000000 0.0000000 83.9709044 0.0000000 0.0000000 1.0000000 137.1428459 0.0000000 0.0000000 0.0000000 1.0000000</matrix>
                        <instance_geometry url="#ID231">
                            <bind_material>
                                <technique_common>
                                    <instance_material symbol="Material2" target="#ID7">
                                        <bind_vertex_input semantic="UVSET0" input_semantic="TEXCOORD" input_set="0" />
                                    </instance_material>
                                </technique_common>
                            </bind_material>
                        </instance_geometry>
                    </node>
                    <node id="ID237" name="group_34">
                        <matrix>1.0000000 0.0000000 0.0000000 216.6592869 0.0000000 1.0000000 0.0000000 0.0000007 0.0000000 0.0000000 1.0000000 0.0000000 0.0000000 0.0000000 0.0000000 1.0000000</matrix>
                        <instance_geometry url="#ID238">
                            <bind_material>
                                <technique_common>
                                    <instance_material symbol="Material2" target="#ID7">
                                        <bind_vertex_input semantic="UVSET0" input_semantic="TEXCOORD" input_set="0" />
                                    </instance_material>
                                </technique_common>
                            </bind_material>
                        </instance_geometry>
                    </node>
                    <node id="ID244" name="group_35">
                        <matrix>1.0000000 0.0000000 0.0000000 216.9507486 0.0000000 1.0000000 0.0000000 0.0000007 0.0000000 0.0000000 1.0000000 3.2351593 0.0000000 0.0000000 0.0000000 1.0000000</matrix>
                        <instance_geometry url="#ID245">
                            <bind_material>
                                <technique_common>
                                    <instance_material symbol="Material2" target="#ID7">
                                        <bind_vertex_input semantic="UVSET0" input_semantic="TEXCOORD" input_set="0" />
                                    </instance_material>
                                </technique_common>
                            </bind_material>
                        </instance_geometry>
                    </node>
                    <node id="ID251" name="group_36">
                        <matrix>1.0000000 0.0000000 0.0000000 180.5388033 0.0000000 1.0000000 0.0000000 0.0000007 0.0000000 0.0000000 1.0000000 3.2351593 0.0000000 0.0000000 0.0000000 1.0000000</matrix>
                        <instance_geometry url="#ID252">
                            <bind_material>
                                <technique_common>
                                    <instance_material symbol="Material2" target="#ID7">
                                        <bind_vertex_input semantic="UVSET0" input_semantic="TEXCOORD" input_set="0" />
                                    </instance_material>
                                </technique_common>
                            </bind_material>
                        </instance_geometry>
                    </node>
                    <node id="ID258" name="group_37">
                        <matrix>1.0000000 0.0000000 0.0000000 160.5019899 0.0000000 1.0000000 0.0000000 68.7004943 0.0000000 0.0000000 1.0000000 137.1428459 0.0000000 0.0000000 0.0000000 1.0000000</matrix>
                        <instance_geometry url="#ID259">
                            <bind_material>
                                <technique_common>
                                    <instance_material symbol="Material2" target="#ID7">
                                        <bind_vertex_input semantic="UVSET0" input_semantic="TEXCOORD" input_set="0" />
                                    </instance_material>
                                </technique_common>
                            </bind_material>
                        </instance_geometry>
                    </node>
                    <node id="ID265" name="group_38">
                        <matrix>1.0000000 0.0000000 0.0000000 160.5019899 0.0000000 1.0000000 0.0000000 26.2412377 0.0000000 0.0000000 1.0000000 85.9946550 0.0000000 0.0000000 0.0000000 1.0000000</matrix>
                        <instance_geometry url="#ID266">
                            <bind_material>
                                <technique_common>
                                    <instance_material symbol="Material2" target="#ID7">
                                        <bind_vertex_input semantic="UVSET0" input_semantic="TEXCOORD" input_set="0" />
                                    </instance_material>
                                </technique_common>
                            </bind_material>
                        </instance_geometry>
                    </node>
                    <node id="ID272" name="group_39">
                        <matrix>1.0000000 0.0000000 0.0000000 51.3956887 0.0000000 1.0000000 0.0000000 48.9488958 0.0000000 0.0000000 1.0000000 70.0285653 0.0000000 0.0000000 0.0000000 1.0000000</matrix>
                        <instance_geometry url="#ID273">
                            <bind_material>
                                <technique_common>
                                    <instance_material symbol="Material2" target="#ID7">
                                        <bind_vertex_input semantic="UVSET0" input_semantic="TEXCOORD" input_set="0" />
                                    </instance_material>
                                </technique_common>
                            </bind_material>
                        </instance_geometry>
                    </node>
                    <node id="ID279" name="group_40">
                        <matrix>1.0000000 0.0000000 0.0000000 136.0003314 0.0000000 1.0000000 0.0000000 0.0000007 0.0000000 0.0000000 1.0000000 0.0000000 0.0000000 0.0000000 0.0000000 1.0000000</matrix>
                        <instance_geometry url="#ID280">
                            <bind_material>
                                <technique_common>
                                    <instance_material symbol="Material2" target="#ID7">
                                        <bind_vertex_input semantic="UVSET0" input_semantic="TEXCOORD" input_set="0" />
                                    </instance_material>
                                </technique_common>
                            </bind_material>
                        </instance_geometry>
                    </node>
                    <node id="ID286" name="group_41">
                        <matrix>1.0000000 0.0000000 0.0000000 138.5614739 0.0000000 1.0000000 0.0000000 83.9709044 0.0000000 0.0000000 1.0000000 152.2097185 0.0000000 0.0000000 0.0000000 1.0000000</matrix>
                        <instance_geometry url="#ID287">
                            <bind_material>
                                <technique_common>
                                    <instance_material symbol="Material2" target="#ID7">
                                        <bind_vertex_input semantic="UVSET0" input_semantic="TEXCOORD" input_set="0" />
                                    </instance_material>
                                </technique_common>
                            </bind_material>
                        </instance_geometry>
                    </node>
                    <node id="ID293" name="group_42">
                        <matrix>1.0000000 0.0000000 0.0000000 65.0753859 0.0000000 1.0000000 0.0000000 9.1713498 0.0000000 0.0000000 1.0000000 3.2351632 0.0000000 0.0000000 0.0000000 1.0000000</matrix>
                        <instance_geometry url="#ID294">
                            <bind_material>
                                <technique_common>
                                    <instance_material symbol="Material2" target="#ID7">
                                        <bind_vertex_input semantic="UVSET0" input_semantic="TEXCOORD" input_set="0" />
                                    </instance_material>
                                </technique_common>
                            </bind_material>
                        </instance_geometry>
                    </node>
                    <node id="ID300" name="group_43">
